32.9747 13.313 40.9293
16.447 12.1001 30.3469
13.6476 10.9694 20.1786
13.5852 10.6703 21.3927
12.7031 9.32504 20.0919
12.6573 8.85446 17.5849
11.4444 7.91859 15.3872
12.5184 8.2719 16.0776
12.4141 8.21592 15.9389
12.4986 8.07228 18.1096
11.9829 7.94841 16.791
12.009 7.90335 15.9287
12.7224 8.30505 17.2138
12.7337 8.29425 16.5425
13.3669 8.73699 18.0604
10.8122 7.12598 14.3768
9.42929 6.27852 12.9024
10.6827 7.04737 15.1672
11.3741 7.42643 15.6233
11.477 7.52663 14.9504
13.1171 8.6427 19.7703
14.0988 9.29921 17.5847
14.1036 9.35043 17.9981
13.1231 8.70816 18.0641
13.0894 8.70587 17.9686
12.9167 8.57575 15.9631
12.0665 8.06702 17.3282
11.4856 7.61903 15.6631
11.5167 7.67713 16.3065
12.7508 8.47048 21.6083
12.7117 8.4193 18.8149
12.8834 8.49959 18.0085
12.4416 8.20715 17.337
11.8001 7.78457 17.0305
11.165 7.42704 14.6448
11.2421 7.46161 14.8609
11.4659 7.58783 14.5614
11.5021 7.62603 16.1378
12.8315 8.51695 17.444
12.951 8.53185 19.4026
12.9964 8.57739 19.5584
13.0504 8.61051 16.6447
13.2568 8.76339 23.8143
13.3907 8.91418 16.3802
12.1295 8.21767 17.4317
10.9134 7.38273 16.6885
9.869 6.60595 12.8878
11.6253 7.76729 15.2531
11.6271 7.74441 16.5399
10.9138 7.25388 14.9498
11.0874 7.38419 15.0116
10.8231 7.21771 16.129
